z_photo
0.07305945454545455
0.15839147826086958
0.2548958141592921
0.35098334715025914
0.45497862926829274
0.5374269440559442
0.657767
0.7561245937500001
0.8517764
0.9488117647058824
1.06721902
1.1320447968749998
1.2625810361445784
1.3453283953488375
1.4449253653846152
1.5550431447368418
1.64644825
1.7486203333333339
1.850924922077922
1.946280220338983
2.04741
2.1428853658536586
2.2522355384615387
2.3570558333333334
2.45546021875
2.5499376666666667
2.653495384615385
2.741162111111111
2.853827666666667
2.9096130000000002