zlow zhi meanz CORmeanz fout CORfout stdd bias outbias IQR IQRstdd IQRbias CORstdd CORbias CORoutbias CORIQR CORIQRstdd CORIQRbias estdd ebias eoutbias eIQR eIQRstdd eIQRbias eCORstdd eCORbias eCORoutbias eCORIQR eCORIQRstdd eCORIQRbias
0.0000 0.1000 0.0754 0.0749 0.1117 0.0567 0.5154 0.1352 1.1893 0.0251 0.0186 0.0048 0.0286 0.0074 0.0845 0.0218 0.0162 0.0033 0.0693 0.0363 0.2247 0.0032 0.0024 0.0014 0.0032 0.0020 0.0183 0.0025 0.0019 0.0013
0.1000 0.2000 0.1632 0.1642 0.1017 0.0385 0.5246 0.1399 1.3789 0.0240 0.0178 0.0020 0.0297 0.0014 0.0472 0.0216 0.0160 0.0005 0.0352 0.0198 0.1221 0.0016 0.0012 0.0008 0.0036 0.0012 0.0233 0.0012 0.0009 0.0007
0.2000 0.3000 0.2531 0.2532 0.0581 0.0502 0.1886 0.0232 0.4033 0.0199 0.0147 0.0006 0.0401 0.0064 0.1311 0.0196 0.0145 0.0005 0.0213 0.0041 0.0607 0.0007 0.0005 0.0003 0.0019 0.0008 0.0098 0.0006 0.0005 0.0003
0.3000 0.4000 0.3534 0.3534 0.0703 0.0693 0.0736 0.0087 0.1060 0.0242 0.0180 0.0018 0.0320 0.0065 0.0761 0.0241 0.0179 0.0018 0.0177 0.0013 0.0174 0.0008 0.0006 0.0004 0.0009 0.0006 0.0044 0.0009 0.0006 0.0004
0.4000 0.5000 0.4514 0.4514 0.0660 0.0654 0.0538 -0.0082 -0.0688 0.0275 0.0204 -0.0043 0.0313 -0.0093 -0.0863 0.0275 0.0204 -0.0044 0.0124 0.0010 0.0128 0.0008 0.0006 0.0004 0.0008 0.0006 0.0036 0.0008 0.0006 0.0004
0.5000 0.6000 0.5514 0.5514 0.0475 0.0472 0.0476 -0.0075 -0.1325 0.0164 0.0122 -0.0020 0.0362 -0.0081 -0.1452 0.0164 0.0122 -0.0020 0.0098 0.0009 0.0138 0.0004 0.0003 0.0002 0.0015 0.0007 0.0056 0.0004 0.0003 0.0002
0.6000 0.7000 0.6475 0.6475 0.0013 0.0013 0.0174 -0.0002 0.2232 0.0132 0.0098 -0.0003 0.0174 -0.0002 0.2232 0.0132 0.0098 -0.0003 0.0042 0.0003 nan 0.0004 0.0003 0.0002 0.0043 0.0003 nan 0.0004 0.0003 0.0002
0.7000 0.8000 0.7506 0.7506 0.0091 0.0091 0.0169 0.0017 0.0673 0.0169 0.0125 0.0005 0.0169 0.0017 0.0673 0.0169 0.0125 0.0005 0.0003 0.0003 0.0069 0.0004 0.0003 0.0002 0.0004 0.0003 0.0066 0.0004 0.0003 0.0002
0.8000 0.9000 0.8478 0.8478 0.0052 0.0052 0.0210 -0.0022 0.0388 0.0209 0.0155 -0.0018 0.0210 -0.0022 0.0388 0.0209 0.0155 -0.0018 0.0019 0.0004 0.0411 0.0006 0.0004 0.0003 0.0019 0.0004 0.0425 0.0005 0.0004 0.0003
0.9000 1.0000 0.9481 0.9481 0.0064 0.0064 0.0221 -0.0003 0.1279 0.0156 0.0116 -0.0007 0.0221 -0.0003 0.1279 0.0156 0.0116 -0.0007 0.0024 0.0004 0.0434 0.0004 0.0003 0.0002 0.0023 0.0004 0.0449 0.0004 0.0003 0.0003
1.0000 1.1000 1.0481 1.0481 0.0433 0.0433 0.0368 0.0062 0.1178 0.0155 0.0115 0.0007 0.0368 0.0062 0.1178 0.0155 0.0115 0.0007 0.0028 0.0007 0.0116 0.0006 0.0004 0.0003 0.0028 0.0008 0.0116 0.0006 0.0004 0.0003
1.1000 1.2000 1.1487 1.1487 0.0338 0.0338 0.0318 0.0056 0.0841 0.0273 0.0203 0.0025 0.0318 0.0056 0.0841 0.0273 0.0203 0.0025 0.0028 0.0007 0.0134 0.0008 0.0006 0.0005 0.0029 0.0007 0.0132 0.0008 0.0006 0.0005
1.2000 1.3000 1.2507 1.2507 0.0466 0.0466 0.0316 -0.0042 -0.0154 0.0259 0.0192 -0.0033 0.0316 -0.0042 -0.0154 0.0259 0.0192 -0.0033 0.0022 0.0008 0.0125 0.0010 0.0007 0.0005 0.0022 0.0007 0.0121 0.0009 0.0007 0.0005
1.3000 1.4000 1.3500 1.3500 0.0541 0.0541 0.0334 0.0039 0.0183 0.0282 0.0209 0.0022 0.0334 0.0039 0.0183 0.0282 0.0209 0.0022 0.0018 0.0008 0.0121 0.0009 0.0007 0.0006 0.0018 0.0008 0.0122 0.0010 0.0007 0.0006
1.4000 1.5000 1.4486 1.4486 0.0372 0.0372 0.0286 -0.0002 0.0376 0.0310 0.0230 -0.0018 0.0286 -0.0002 0.0376 0.0310 0.0230 -0.0018 0.0011 0.0008 0.0127 0.0012 0.0009 0.0007 0.0011 0.0007 0.0117 0.0011 0.0008 0.0007
1.5000 1.6000 1.5495 1.5495 0.0607 0.0607 0.0338 -0.0012 -0.0005 0.0331 0.0246 -0.0011 0.0338 -0.0012 -0.0005 0.0331 0.0246 -0.0011 0.0015 0.0009 0.0116 0.0012 0.0009 0.0007 0.0015 0.0010 0.0117 0.0012 0.0009 0.0007
1.6000 1.7000 1.6507 1.6507 0.0693 0.0693 0.0337 -0.0007 -0.0055 0.0362 0.0269 -0.0008 0.0337 -0.0007 -0.0055 0.0362 0.0269 -0.0008 0.0015 0.0010 0.0104 0.0014 0.0010 0.0009 0.0015 0.0010 0.0101 0.0014 0.0010 0.0008
1.7000 1.8000 1.7483 1.7483 0.0749 0.0749 0.0400 -0.0059 -0.0170 0.0416 0.0308 -0.0059 0.0400 -0.0059 -0.0170 0.0416 0.0308 -0.0059 0.0025 0.0015 0.0144 0.0015 0.0011 0.0013 0.0024 0.0014 0.0144 0.0015 0.0011 0.0012
1.8000 1.9000 1.8483 1.8483 0.0982 0.0982 0.0424 -0.0068 -0.0375 0.0396 0.0293 -0.0048 0.0424 -0.0068 -0.0375 0.0396 0.0293 -0.0048 0.0028 0.0016 0.0122 0.0021 0.0016 0.0012 0.0026 0.0015 0.0122 0.0019 0.0014 0.0011
1.9000 2.0000 1.9485 1.9485 0.1009 0.1009 0.0397 -0.0025 -0.0082 0.0379 0.0281 -0.0019 0.0397 -0.0025 -0.0082 0.0379 0.0281 -0.0019 0.0024 0.0017 0.0134 0.0020 0.0015 0.0013 0.0024 0.0017 0.0132 0.0019 0.0014 0.0013
2.0000 2.1000 2.0500 2.0500 0.0927 0.0927 0.0389 -0.0026 -0.0156 0.0351 0.0260 -0.0024 0.0389 -0.0026 -0.0156 0.0351 0.0260 -0.0024 0.0033 0.0019 0.0163 0.0019 0.0014 0.0014 0.0034 0.0018 0.0162 0.0019 0.0014 0.0013
2.1000 2.2000 2.1455 2.1453 0.1173 0.1102 0.0695 -0.0085 -0.0588 0.0346 0.0256 -0.0026 0.0391 -0.0033 -0.0156 0.0341 0.0253 -0.0024 0.0139 0.0036 0.0291 0.0021 0.0016 0.0015 0.0036 0.0019 0.0145 0.0022 0.0016 0.0014
2.2000 2.3000 2.2483 2.2482 0.1373 0.1287 0.0746 -0.0153 -0.0869 0.0365 0.0270 -0.0059 0.0405 -0.0091 -0.0439 0.0361 0.0268 -0.0055 0.0156 0.0044 0.0278 0.0032 0.0024 0.0016 0.0029 0.0023 0.0144 0.0032 0.0024 0.0016
2.3000 2.4000 2.3443 2.3429 0.1603 0.0756 0.1928 -0.0649 -0.3953 0.0380 0.0281 -0.0062 0.0347 -0.0046 -0.0385 0.0320 0.0237 -0.0028 0.0163 0.0117 0.0496 0.0041 0.0030 0.0018 0.0029 0.0022 0.0214 0.0027 0.0020 0.0016
2.4000 2.5000 2.4501 2.4505 0.1938 0.1333 0.1757 -0.0457 -0.2334 0.0365 0.0271 -0.0028 0.0388 0.0013 0.0135 0.0319 0.0236 -0.0003 0.0176 0.0109 0.0482 0.0041 0.0030 0.0018 0.0025 0.0025 0.0159 0.0035 0.0026 0.0017
2.5000 2.6000 2.5472 2.5468 0.1429 0.0645 0.1888 -0.0564 -0.3928 0.0375 0.0278 -0.0039 0.0309 -0.0001 0.0044 0.0345 0.0256 -0.0008 0.0200 0.0135 0.0639 0.0032 0.0024 0.0021 0.0024 0.0024 0.0261 0.0027 0.0020 0.0021
2.6000 2.7000 2.6463 2.6455 0.1313 0.0855 0.1538 -0.0391 -0.2850 0.0405 0.0300 -0.0059 0.0336 -0.0046 -0.0333 0.0385 0.0286 -0.0039 0.0241 0.0121 0.0729 0.0036 0.0027 0.0028 0.0022 0.0028 0.0212 0.0034 0.0025 0.0027
2.7000 2.8000 2.7499 2.7506 0.1418 0.0726 0.1805 -0.0549 -0.3740 0.0339 0.0251 -0.0058 0.0307 -0.0043 -0.0321 0.0306 0.0227 -0.0033 0.0241 0.0149 0.0761 0.0054 0.0040 0.0023 0.0028 0.0028 0.0262 0.0036 0.0027 0.0022
2.8000 2.9000 2.8438 2.8434 0.1026 0.0411 0.1676 -0.0542 -0.4594 0.0321 0.0238 -0.0119 0.0263 -0.0108 -0.0802 0.0327 0.0242 -0.0094 0.0359 0.0190 0.1158 0.0041 0.0030 0.0031 0.0026 0.0031 nan 0.0046 0.0034 0.0032
2.9000 3.0000 2.9373 2.9385 0.1200 0.0833 0.1367 -0.0446 -0.2832 0.0216 0.0160 -0.0116 0.0240 -0.0171 -0.0728 0.0213 0.0158 -0.0109 0.0732 0.0277 nan 0.0140 0.0104 0.0046 0.0041 0.0048 nan 0.0097 0.0072 0.0042
